SEX,AGE,MARST,RACE,BPL,HIGRADE,CLASSWKRD,OCCSCORE
2,32,1,1,6,15,22,24
2,24,1,1,6,17,22,24
1,46,1,1,42,19,13,41
2,38,4,1,48,13,14,21
2,21,1,1,4,15,22,22
2,34,1,1,150,18,29,26
1,24,6,1,5,15,22,41
2,70,1,1,6,19,22,22
2,42,1,4,6,16,28,41
2,40,1,1,5,20,28,25
2,27,1,1,6,15,22,41
1,25,6,1,13,15,22,25
2,25,1,1,6,15,22,31
2,28,1,2,1,17,22,26
1,51,1,1,17,12,27,29
2,28,6,1,53,19,22,26
2,43,1,1,6,15,22,30
1,33,1,1,11,17,25,11
2,23,6,1,4,19,22,41
1,49,1,1,5,15,22,20
2,22,6,1,1,16,22,19
2,26,1,2,6,19,27,23
1,16,6,1,6,13,22,14
2,23,6,1,48,18,22,16
1,23,2,2,39,17,22,25
1,59,1,1,17,15,22,35
2,37,1,1,20,17,28,32
2,33,1,1,1,15,22,17
2,27,1,2,6,15,22,27
1,30,1,1,36,17,22,24
1,28,1,1,6,17,22,41
2,29,1,2,36,15,22,14
1,45,1,1,55,15,22,20
1,37,6,1,6,17,13,35
2,21,1,1,1,15,22,11
1,19,6,1,6,16,22,5
2,32,1,1,36,19,22,31
1,30,6,1,33,19,22,23
1,58,1,1,19,17,22,38
2,39,6,1,6,19,22,29
1,54,1,1,17,15,14,41
2,33,1,1,5,10,27,11
1,41,1,1,6,16,13,14
1,22,6,2,5,18,27,41
1,22,1,1,4,18,22,27
1,33,1,1,56,19,22,48
1,50,1,1,5,15,13,14
1,18,6,1,6,15,22,30
1,28,6,1,6,19,22,41
1,20,6,1,1,15,22,23
2,22,6,1,6,15,28,9
2,33,4,1,41,19,22,24
1,59,6,1,200,9,22,20
2,48,1,1,47,17,22,22
2,48,1,1,26,20,28,22
1,28,1,1,5,16,22,25
2,20,6,1,16,17,22,14
2,57,1,1,150,15,22,17
1,31,6,1,6,17,22,27
1,54,1,1,42,17,22,24
1,54,1,1,47,11,28,35
1,34,3,1,200,9,22,22
2,32,6,1,17,19,27,27
2,33,4,1,1,15,22,36
1,17,6,1,24,14,22,24
2,53,5,1,40,15,28,30
2,26,3,1,6,14,22,41
2,31,1,2,5,15,22,14
1,30,1,2,17,15,25,11
1,36,1,1,17,15,13,36
2,54,4,1,26,15,22,24
1,25,1,1,2,15,22,27
2,25,6,2,6,15,22,24
1,31,1,2,5,15,22,20
2,54,4,1,48,9,22,22
1,29,1,1,6,15,22,38
2,73,1,1,42,15,29,22
2,65,4,1,4,12,22,22
1,22,6,1,1,15,22,17
2,36,1,1,1,15,22,25
1,59,1,1,5,17,22,37
1,30,1,6,6,17,22,25
2,39,4,1,6,20,27,24
1,17,6,1,18,13,22,18
2,40,5,1,6,16,22,18
1,51,1,1,9,19,22,36
1,63,1,1,6,16,14,41
1,43,4,2,1,11,22,23
2,16,6,1,6,13,22,11
1,58,1,1,1,8,22,27
1,61,1,1,54,15,22,24
1,36,1,1,34,20,28,26
1,37,1,1,4,17,22,32
1,28,1,1,46,19,28,35
1,21,6,1,36,18,22,24
1,23,6,1,6,15,22,22
1,37,1,1,42,17,22,41
2,24,1,1,48,13,28,14
2,42,1,1,200,11,22,23
1,37,1,1,38,15,25,25
2,56,1,1,49,15,22,22
2,29,1,1,6,15,28,22
1,29,1,1,5,15,22,41
1,30,1,1,30,19,25,35
1,44,1,1,6,15,22,23
2,66,1,1,55,15,22,41
1,48,3,1,39,19,25,11
2,32,1,1,5,16,27,16
1,60,1,1,1,15,22,40
1,25,1,1,6,15,22,24
2,54,1,1,1,15,22,24
2,47,1,1,1,12,22,18
1,31,4,4,6,20,27,41
1,59,1,1,48,15,22,32
2,18,6,1,40,14,22,24
2,31,1,1,6,17,22,26
1,49,1,1,6,11,22,22
1,30,1,1,6,13,14,35
1,20,6,2,1,15,22,30
2,42,5,1,1,7,22,11
1,29,1,1,6,18,22,20
1,20,6,1,41,16,22,20
2,30,1,1,48,15,29,22
2,31,6,1,17,16,22,24
2,22,1,1,4,16,22,18
1,59,1,1,42,15,22,17
1,31,1,1,1,15,28,32
2,31,1,1,6,15,22,25
1,37,3,1,6,19,22,37
2,17,1,1,1,15,22,22
1,18,6,1,200,9,22,23
1,39,4,2,29,15,22,18
2,16,6,1,1,13,22,16
2,32,1,1,1,17,29,22
2,37,1,1,26,12,22,22
1,31,1,1,6,17,28,32
2,23,6,1,6,15,22,22
1,20,6,1,17,16,22,17
1,27,1,1,27,15,22,28
1,20,6,1,1,11,22,23
2,27,1,1,51,17,22,22
2,27,1,1,5,15,22,18
1,22,1,1,1,11,22,22
1,59,1,1,48,11,13,29
2,20,6,1,6,16,22,24
1,26,4,1,1,13,22,17
1,51,1,1,39,15,22,32
1,25,6,3,6,15,22,25
2,25,4,1,6,15,22,24
2,67,6,1,17,13,22,35
1,51,1,1,1,19,22,42
1,16,6,1,200,12,28,20
1,29,1,1,200,15,22,9
1,17,6,1,1,12,22,16
2,73,5,1,5,15,22,22
1,47,1,1,36,15,25,29
2,29,6,1,4,15,22,41
1,31,1,7,4,18,25,41
2,30,1,7,6,15,27,22
1,46,1,1,6,15,22,41
1,19,6,1,6,15,22,26
2,29,4,1,6,19,14,22
1,50,1,1,200,7,22,26
1,20,6,1,200,9,22,18
2,28,1,1,6,15,22,22
2,47,1,2,45,15,28,20
1,56,1,1,6,15,22,18
1,22,1,1,5,14,22,26
1,31,4,1,6,19,22,27
2,20,6,1,5,16,27,42
2,26,1,1,1,17,13,37
1,61,1,1,26,11,22,32
1,43,1,2,5,10,22,30
2,34,4,2,24,15,25,25
1,18,6,1,6,15,22,26
1,30,1,1,6,15,22,32
2,70,4,1,6,14,22,24
2,29,4,1,6,17,28,22
1,33,1,1,5,15,22,23
1,30,1,1,23,15,22,23
1,21,6,1,4,18,28,10
2,23,1,1,36,15,22,22
2,32,4,1,6,17,22,22
1,58,1,2,22,12,13,14
2,65,5,1,150,13,22,26
2,40,1,1,5,19,28,26
1,23,6,2,28,12,27,24
2,18,6,1,48,13,22,17
1,31,1,1,1,16,22,26
2,46,1,1,53,11,13,24
1,37,1,1,6,16,22,24
2,56,1,1,53,15,22,21
1,65,1,1,6,12,22,25
1,43,1,1,39,18,27,21
1,18,6,1,6,15,22,16
1,20,6,1,17,16,22,24
1,37,1,1,6,16,22,41
1,53,1,1,17,15,22,37
1,30,1,1,29,19,13,41
1,67,1,1,1,11,22,24
2,29,1,1,6,11,22,23
1,26,2,1,6,15,22,29
1,29,1,1,200,15,22,9
2,34,2,1,5,15,22,41
2,27,4,1,6,17,22,22
1,33,4,1,5,20,28,27
2,27,1,1,6,15,13,14
1,42,1,1,5,11,22,30
1,19,6,1,25,16,13,17
1,22,6,2,4,15,22,25
1,16,6,1,5,13,22,18
2,18,6,2,13,15,27,24
1,40,1,1,200,5,22,11
2,29,1,1,36,18,22,22
1,26,1,1,1,15,13,26
1,57,1,1,36,15,22,41
2,36,1,1,6,16,22,26
1,63,1,1,18,15,22,41
1,35,1,1,42,15,22,24
1,30,6,1,6,17,22,23
1,37,1,1,37,15,13,26
1,25,6,1,6,15,22,22
1,58,1,2,5,10,22,20
2,64,1,2,48,15,22,23
2,65,1,1,150,14,22,22
1,35,1,1,17,15,22,37
2,57,1,1,6,11,28,11
2,32,1,1,26,17,28,25
1,52,1,2,28,17,22,45
2,51,1,1,410,15,22,24
2,55,4,2,1,15,22,26
1,59,1,3,40,11,22,20
2,57,1,1,5,15,25,22
1,59,1,1,48,15,14,41
1,26,1,1,16,19,22,31
2,22,6,1,51,17,22,26
1,51,1,1,5,9,22,22
1,28,1,1,2,14,25,27
2,58,1,1,5,16,22,26
1,20,6,1,35,6,22,13
2,34,3,2,42,14,22,15
2,31,1,2,4,15,28,30
1,66,1,2,13,13,22,16
1,62,1,3,48,20,28,25
1,24,1,1,25,16,22,29
2,32,6,2,5,14,28,27
1,66,1,1,12,19,22,41
2,28,1,1,37,17,22,22
1,37,6,1,6,17,22,20
2,64,1,1,1,13,27,17
2,42,1,1,39,16,22,26
2,47,1,1,1,15,22,9
1,37,2,1,200,7,22,11
2,27,3,1,6,15,22,22
1,23,1,1,28,12,22,29
2,61,1,5,6,15,22,13
1,56,1,2,28,4,22,9
1,16,6,1,6,12,22,4
1,39,1,2,1,17,22,30
1,51,1,2,48,20,28,35
2,33,4,2,28,15,22,30
1,19,6,2,1,15,22,27
1,31,1,2,28,17,22,23
2,17,6,1,8,15,22,13
1,47,6,1,12,11,22,41
1,23,6,1,18,16,22,24
2,19,1,1,4,15,28,22
1,30,1,1,35,18,22,25
2,44,6,1,17,14,13,19
2,35,4,1,34,15,22,26
2,23,1,1,18,15,22,17
1,36,1,1,6,17,22,41
1,55,1,1,1,19,14,41
2,49,1,1,20,15,22,22
2,38,4,1,5,15,22,17
2,27,1,1,18,15,22,25
1,55,1,1,34,17,22,48
1,49,1,1,16,19,22,38
1,23,1,1,18,15,25,11
2,19,6,1,6,15,22,24
1,36,1,1,36,16,22,31
2,36,1,1,6,17,22,22
1,35,1,1,1,15,22,32
2,21,6,1,6,15,22,25
1,62,1,1,25,19,13,24
2,19,6,1,6,13,22,11
1,65,1,1,39,5,13,35
1,29,4,2,29,16,22,41
1,46,4,1,38,17,14,38
2,24,1,1,51,18,28,27
2,31,1,1,25,15,22,20
2,65,5,1,37,12,22,24
2,41,1,1,35,15,22,24
2,32,1,1,4,16,22,25
1,47,1,1,6,13,25,42
2,61,4,1,26,18,28,26
2,44,1,1,40,15,22,17
1,24,4,2,6,15,22,23
1,57,1,1,32,18,22,34
2,23,1,1,1,15,22,31
1,63,1,1,19,11,22,25
2,26,1,1,210,9,22,20
2,23,6,3,4,14,22,30
2,33,1,1,29,20,28,26
2,22,6,1,20,15,22,11
1,23,1,1,200,9,22,25
1,25,1,1,39,18,25,11
2,25,1,1,34,17,22,25
2,64,1,1,46,13,22,17
1,23,6,1,5,11,22,27
2,44,1,1,18,15,22,36
2,16,6,1,53,13,22,20
1,28,1,1,53,17,13,17
2,17,6,1,1,13,22,14
2,50,1,1,6,15,22,41
2,23,6,1,36,15,22,22
1,65,1,5,6,14,22,9
1,42,1,1,1,15,22,25
2,44,1,1,42,19,22,19
1,25,6,1,6,17,22,29
2,21,6,1,200,5,22,22
1,58,1,1,6,19,22,24
1,33,1,1,6,15,22,27
1,25,1,1,48,15,25,11
1,28,1,1,53,19,13,29
2,22,6,1,51,11,22,13
2,52,1,1,5,13,22,17
1,48,6,1,18,19,22,35
2,26,4,1,6,20,22,19
2,37,1,3,4,11,25,22
1,29,1,1,5,15,22,32
2,30,1,1,2,17,22,22
1,35,1,1,5,20,13,14
2,20,6,2,26,16,22,18
1,53,1,1,19,13,13,24
1,19,6,1,5,15,22,20
2,33,4,1,5,15,25,25
1,41,1,1,25,15,22,31
1,17,6,1,6,14,22,11
2,19,1,1,6,15,22,18
1,56,5,1,4,15,22,20
1,18,6,1,6,15,28,20
1,25,6,3,200,12,22,23
2,21,6,1,6,18,22,22
1,19,6,1,1,15,22,30
2,55,4,1,210,15,22,6
2,56,5,1,6,15,22,23
2,65,1,1,1,16,29,41
1,65,1,2,1,17,13,26
2,45,1,1,5,14,22,23
1,32,1,1,5,15,22,29
1,25,1,2,5,15,22,25
2,31,1,1,5,15,22,25
1,61,1,1,6,20,22,41
2,64,5,1,5,9,22,24
1,17,6,1,13,14,22,18
2,49,1,1,34,18,22,19
1,60,1,3,40,15,13,23
2,22,1,1,6,15,22,11
2,41,6,2,22,17,28,24
1,60,1,1,5,13,22,25
1,54,1,1,53,15,22,50
1,30,6,1,6,19,22,17
2,48,5,1,5,10,22,41
1,60,1,1,5,19,25,24
2,27,6,1,42,18,27,17
1,22,1,1,6,13,22,25
1,19,6,1,6,15,22,41
2,20,1,1,6,15,22,25
1,25,6,1,48,15,22,25
1,16,6,1,2,13,22,4
1,46,1,1,6,17,22,41
1,41,1,1,5,15,22,25
2,46,1,1,8,16,27,22
2,39,1,1,6,16,28,14
1,16,6,2,6,13,27,17
1,62,4,1,19,15,22,32
1,16,6,2,1,12,22,16
1,29,1,7,200,17,28,32
2,35,4,2,5,15,27,16
2,44,1,1,6,15,22,23
1,21,1,1,1,15,22,23
1,26,1,1,6,15,22,37
1,71,1,1,36,20,22,37
1,53,1,2,1,10,22,23
2,44,4,1,210,9,25,11
1,18,6,1,6,14,22,20
1,28,1,1,17,17,22,41
1,31,1,1,23,16,25,33
2,24,6,1,6,16,22,16
2,31,1,1,6,19,22,19
2,22,6,1,1,17,27,30
1,17,6,1,17,14,22,18
1,70,1,1,1,13,22,25
1,49,1,1,426,15,13,25
2,26,1,1,6,15,22,26
2,44,1,1,20,15,27,24
1,26,1,1,6,16,22,27
2,21,6,6,40,18,28,35
2,35,4,1,150,15,22,26
2,58,1,1,200,15,22,22
2,30,6,1,6,20,28,26
2,46,1,1,6,17,22,34
2,30,1,1,49,19,27,30
2,42,1,7,4,13,22,22
1,36,1,1,6,16,28,32
1,37,6,1,6,20,13,37
1,46,1,1,6,15,22,41
1,16,6,1,4,13,22,20
1,59,1,1,1,15,28,38
1,58,1,2,1,6,22,38
1,37,4,1,6,15,22,18
1,33,1,1,2,15,13,17
2,25,6,1,42,14,22,24
2,23,1,1,25,15,22,26
1,73,1,1,48,10,13,35
2,27,1,1,6,11,22,17
1,53,1,1,1,14,22,24
2,28,3,1,6,17,28,14
1,21,6,2,1,15,22,41
2,38,1,1,48,15,22,19
2,42,5,2,22,17,22,22
1,29,4,1,36,15,22,31
1,29,6,1,53,18,22,23
1,33,6,1,5,16,22,29
2,28,1,1,6,17,22,24
2,53,1,1,16,15,22,35
2,55,6,2,5,10,22,17
2,26,6,1,21,20,22,39
2,22,1,1,6,15,22,18
2,60,3,1,4,15,28,14
1,42,4,2,42,13,22,23
2,18,6,1,6,15,22,23
1,19,6,1,34,15,22,20
2,24,1,1,40,17,22,41
2,42,1,1,29,15,22,22
1,37,1,1,1,15,28,21
2,67,1,1,5,11,27,16
2,41,4,1,200,13,22,13
2,27,6,2,1,14,25,23
1,39,3,3,4,15,25,20
2,64,1,1,6,17,22,22
1,57,1,1,31,14,22,38
1,30,6,1,17,19,22,24
1,33,1,5,49,19,22,41
2,37,4,1,25,20,28,27
1,40,1,1,6,16,22,22
1,30,1,2,6,7,22,23
1,57,1,1,6,15,22,24
1,55,3,1,22,19,22,24
2,41,4,1,200,15,27,18
2,36,1,1,1,15,22,22
1,24,6,3,13,15,22,24
2,20,6,2,1,17,22,17
1,24,6,1,6,18,22,33
1,62,1,1,28,12,27,24
1,41,1,1,6,19,22,46
1,22,6,1,6,15,22,18
1,56,1,1,48,19,13,42
2,34,1,1,1,15,28,14
2,56,4,1,47,15,13,37
1,28,4,1,6,15,22,30
1,51,1,1,41,16,22,20
1,64,1,1,6,15,28,20
1,27,1,1,200,8,22,20
2,26,1,1,200,9,22,20
1,43,1,1,5,15,22,35
1,22,6,1,6,15,22,18
1,32,1,1,6,16,22,24
2,55,4,1,6,15,22,17
2,27,1,2,1,19,22,27
1,35,1,1,50,15,25,11
2,19,6,1,6,15,22,20
1,42,1,1,31,15,22,41
1,30,1,2,5,15,22,27
1,36,4,1,13,19,14,41
2,44,1,1,19,15,22,22
1,44,1,1,28,19,22,41
2,56,1,1,200,7,22,23
1,29,4,2,37,15,25,11
2,46,6,1,27,15,22,6
1,22,6,1,1,13,22,26
1,62,1,5,6,15,13,17
2,24,6,2,35,13,22,17
2,17,6,1,6,14,22,23
1,34,3,1,4,17,22,22
2,17,6,1,4,14,22,18
1,16,6,1,6,13,22,20
1,44,1,1,1,19,22,41
1,57,1,1,46,20,28,27
1,29,1,1,1,17,13,14
2,20,4,1,200,15,22,18
1,62,1,1,29,13,13,41
2,23,1,1,6,16,22,26
2,23,3,2,5,15,22,13
2,34,1,1,6,14,25,22
1,23,6,1,6,20,22,24
1,37,1,3,30,14,25,11
2,50,4,1,1,14,22,22
1,28,1,1,200,9,22,30
1,31,6,1,6,20,22,30
1,49,1,1,42,15,25,23
1,36,1,1,5,17,22,31
2,19,1,1,4,15,22,22
1,22,6,1,31,15,22,26
1,32,6,2,6,17,22,25
1,59,1,1,6,16,22,31
2,17,6,1,6,14,22,24
2,16,6,3,6,4,28,30
1,25,6,1,6,19,22,26
1,58,1,1,42,17,22,45
1,38,1,1,1,13,22,19
1,27,6,1,34,15,22,20
1,51,3,1,55,19,22,31
2,25,1,1,6,14,27,22
2,20,6,1,6,15,22,22
2,85,5,1,1,11,22,6
2,42,1,1,5,13,22,22
1,62,1,1,6,15,22,20
2,40,6,1,41,14,22,31
2,22,1,1,5,15,22,24
1,55,1,1,1,12,22,32
1,35,1,1,6,19,22,26
1,21,6,1,6,15,22,25
2,55,1,1,46,15,22,30
1,56,1,1,210,15,22,26
2,34,1,1,35,15,22,25
1,37,1,1,6,17,13,26
1,39,4,1,25,19,22,26
1,39,3,1,40,5,22,26
2,25,1,1,47,15,22,25
2,61,1,1,5,15,22,24
1,19,6,1,51,15,22,37
1,19,6,3,2,15,25,20
1,30,1,1,6,16,25,48
1,25,1,1,6,19,22,24
1,22,1,2,1,14,13,24
2,20,6,1,6,17,22,15
2,17,6,1,6,14,22,24
2,18,6,1,12,15,22,20
1,63,1,1,4,15,22,37
1,55,1,1,6,17,27,48
1,47,1,1,6,13,22,23
2,35,1,1,40,15,13,41
2,21,6,1,26,17,22,21
2,23,1,1,6,17,22,26
2,26,1,1,19,15,13,13
1,43,1,2,48,15,25,31
1,41,4,1,5,4,28,32
1,37,1,1,9,13,22,25
1,37,1,1,21,15,22,29
2,37,1,1,5,15,22,24
1,32,4,1,32,15,25,11
1,37,1,1,1,11,22,27
1,19,6,1,5,15,22,16
1,47,1,1,40,15,27,48
1,26,1,2,5,15,22,25
2,63,5,1,6,14,22,24
1,43,1,1,6,14,22,20
2,24,1,1,5,15,22,17
2,27,6,1,6,15,27,22
1,22,6,1,200,11,22,9
1,63,1,1,40,13,22,38
1,41,4,2,28,15,22,26
2,48,1,1,25,19,22,24
1,28,1,1,42,16,22,41
2,46,1,1,40,18,22,35
2,17,1,1,6,15,22,14
2,34,3,1,200,11,22,35
1,22,6,2,6,15,22,5
1,42,1,1,6,15,22,25
1,74,4,1,20,15,13,20
2,51,1,1,4,15,22,24
1,21,6,1,6,15,22,20
1,20,1,1,6,15,22,23
2,51,1,1,6,15,22,24
1,28,1,1,18,15,22,32
2,23,6,1,6,15,28,13
1,31,1,1,1,9,22,29
1,40,1,1,35,9,22,9
2,19,6,1,6,16,22,6
1,44,1,1,1,8,22,25
2,53,1,1,1,15,22,32
2,25,6,1,9,17,13,37
1,68,1,1,13,7,22,13
2,31,1,2,45,16,22,24
1,41,1,1,6,15,28,20
1,47,4,1,1,6,28,20
2,22,1,2,5,15,28,22
2,37,5,1,6,15,22,29
1,34,1,1,150,15,27,27
1,22,1,1,6,14,22,41
2,31,1,1,200,9,22,9
1,56,1,1,6,16,22,41
2,19,1,1,6,12,22,21
2,30,1,1,51,9,22,23
2,29,1,1,39,18,22,27
1,45,1,1,6,16,13,41
2,22,1,1,41,15,22,24
2,27,1,1,19,15,22,25
1,44,1,1,40,15,28,25
1,36,1,1,5,15,22,41
2,33,1,1,6,13,27,11
2,16,6,1,9,12,22,18
2,53,1,1,5,15,22,22
1,64,1,1,40,15,28,41
1,30,6,1,6,20,22,24
2,24,4,2,1,15,22,23
1,23,1,1,200,9,22,23
1,35,4,1,6,15,22,23
2,50,1,1,26,15,22,23
2,20,1,1,6,16,22,11
2,53,5,2,1,12,22,20
1,43,1,1,6,15,28,29
1,69,5,1,1,9,29,24
2,51,3,1,6,15,28,22
1,56,1,1,13,18,22,34
1,63,1,2,48,15,28,26
1,48,1,1,1,10,28,29
1,42,1,2,5,18,22,23
1,63,1,1,6,17,14,24
2,46,4,1,6,15,22,24
1,31,6,1,6,13,13,14
2,30,1,1,9,19,22,36
1,33,1,1,34,19,22,38
2,64,4,1,12,20,13,24
1,38,1,1,29,16,22,41
1,27,1,1,25,15,22,32
1,44,1,1,36,20,22,39
1,37,1,1,1,19,22,23
1,30,4,1,6,19,13,30
1,22,1,1,1,11,22,38
1,44,1,1,27,7,22,41
2,25,6,1,17,16,22,22
2,18,1,1,24,13,22,37
1,46,1,1,6,15,22,31
2,38,1,1,200,14,22,21
1,24,6,4,48,18,22,32
2,46,1,1,6,15,22,24
1,22,6,1,150,18,22,22
1,44,4,1,6,15,22,25
1,27,1,1,56,17,25,20
2,28,3,1,53,15,22,22
1,34,6,1,6,17,13,17
1,68,6,1,200,7,28,20
2,57,1,1,421,12,22,21
1,22,6,2,1,15,27,22
1,50,1,1,5,11,13,38
1,39,1,1,5,20,14,49
2,35,1,1,38,17,22,25
1,32,1,1,27,14,13,23
1,36,1,1,5,13,22,37
1,19,6,1,5,15,22,20
2,29,1,1,30,17,22,22
2,22,1,1,12,16,25,11
1,72,1,1,1,6,13,41
2,35,3,1,6,17,25,11
2,19,6,1,6,14,25,26
1,62,1,1,6,11,22,24
1,37,2,1,13,17,22,22
1,25,1,1,18,15,13,24
2,18,6,1,6,15,28,13
1,28,1,1,6,17,22,41
1,46,1,1,42,15,22,32
2,35,1,1,53,18,22,37
1,44,1,1,200,6,22,16
1,58,1,1,6,15,22,29
1,43,1,2,1,15,22,13
1,29,1,1,17,17,22,29
1,63,1,1,36,15,13,35
1,24,1,2,26,15,25,11
2,44,1,2,5,11,22,6
2,28,6,1,6,19,22,61
2,32,1,1,6,15,22,40
2,33,1,1,6,20,28,27
2,17,6,1,6,14,22,24
1,49,1,1,6,16,27,20
2,51,5,1,5,13,22,24
1,29,1,1,1,12,22,23
2,34,1,1,1,15,22,24
2,44,1,1,5,19,28,26
1,35,3,2,1,15,22,20
2,65,5,2,1,5,28,16
2,59,6,1,6,19,22,41
1,21,6,1,6,12,22,30
2,24,1,1,4,19,22,25
1,72,1,1,48,12,22,29
1,28,1,1,200,13,22,23
1,23,6,1,25,16,25,24
1,60,1,1,28,13,22,29
1,28,6,2,17,17,22,16
2,21,6,1,200,15,22,22
1,46,1,1,6,20,22,61
1,35,1,1,6,17,22,27
1,34,4,1,20,17,22,40
1,60,1,1,42,11,28,20
2,27,4,1,6,15,28,38
2,22,1,1,6,15,22,37
1,37,1,1,31,15,22,38
2,23,1,1,6,17,22,22
2,54,1,5,6,10,13,23
2,42,4,1,1,15,22,16
1,60,1,1,29,19,14,24
1,19,6,2,47,15,25,11
2,23,1,1,4,10,25,13
2,30,1,1,200,12,22,21
1,27,6,1,6,18,22,27
2,44,1,1,5,15,22,22
2,62,5,1,1,11,22,33
1,46,1,1,1,9,28,37
2,44,4,1,6,15,22,22
1,30,6,1,6,19,25,25
1,54,6,1,25,15,25,25
2,52,1,1,6,15,14,27
1,37,6,1,1,15,22,24
2,29,1,1,5,11,22,24
2,28,1,1,200,9,22,22
1,28,1,2,1,17,22,22
1,51,1,2,40,13,22,25
2,45,4,1,20,17,22,41
1,52,1,1,1,5,22,30
1,22,6,1,6,15,22,20
1,41,4,1,6,15,22,37
1,24,1,1,6,18,22,30
1,55,1,1,42,15,22,25
1,36,1,1,36,16,22,30
1,53,1,1,6,15,28,30
1,24,1,1,1,15,22,23
1,39,1,1,6,19,13,24
2,82,5,1,150,16,13,27
1,54,1,1,40,15,13,26
1,66,4,1,36,15,22,35
2,25,6,1,6,16,22,22
1,16,6,1,34,12,22,4
2,52,1,1,36,15,22,22
2,43,4,1,20,13,22,23
2,34,3,1,29,16,22,29
1,19,6,2,17,15,28,22
2,19,1,1,12,15,22,11
2,22,1,1,17,15,22,29
2,21,1,1,4,13,25,30
1,36,1,1,40,19,13,17
1,35,1,1,5,15,13,14
2,53,5,1,48,9,27,11
2,28,1,1,6,15,22,41
2,66,5,1,6,14,22,24
1,48,1,1,39,12,25,35
1,41,1,1,5,6,22,20
2,67,5,1,1,10,22,22
1,40,1,6,15,15,22,23
2,25,1,1,4,11,27,30
2,16,6,1,6,13,22,18
2,57,1,1,27,18,22,22
2,64,1,1,31,15,22,24
2,21,6,2,42,17,22,22
1,59,1,1,34,19,13,24
1,41,1,1,6,17,13,14
2,66,1,1,22,16,22,18
1,34,1,1,6,16,13,24
2,48,5,2,48,19,13,35
1,65,1,1,6,12,22,20
1,23,6,1,10,15,22,23
1,22,1,1,48,15,22,21
1,28,1,1,17,17,25,11
1,54,1,5,6,19,22,38
2,56,4,1,36,20,28,13
2,36,6,1,414,18,22,19
2,58,6,1,6,15,22,11
2,25,1,1,6,15,22,25
2,18,1,1,42,15,22,41
1,32,4,1,5,20,22,27
2,67,5,1,5,12,22,6
2,65,1,1,1,10,22,31
1,49,1,3,40,19,22,79
1,17,6,1,6,14,22,17
2,86,5,1,29,17,13,22
1,28,1,4,6,19,22,20
2,42,1,1,6,17,22,22
2,61,1,2,5,13,22,13
1,59,1,1,6,12,22,19
2,56,1,1,55,18,29,22
2,63,1,1,17,19,27,22
1,20,6,1,200,11,22,26
1,36,1,1,1,14,22,37
1,49,1,1,48,15,25,25
2,49,6,1,200,9,22,22
1,42,1,1,27,15,22,37
2,57,3,1,39,12,22,11
2,55,5,1,29,18,27,19
2,39,3,1,27,15,28,24
2,66,1,1,24,15,13,16
2,41,1,1,6,13,22,21
2,30,1,1,26,19,22,6
1,20,6,1,6,15,22,29
2,36,1,1,6,16,22,37
1,21,6,1,6,14,25,11
2,40,4,1,25,15,27,23
2,24,1,1,39,11,22,18
2,35,4,1,36,17,22,22
2,18,1,1,5,15,22,11
1,56,1,1,6,14,28,21
2,34,1,1,19,17,22,19
1,43,3,1,200,18,22,23
2,25,1,1,6,11,22,41
1,63,1,1,30,20,22,37
2,64,6,1,6,15,22,24
2,42,4,1,5,14,22,26
2,39,4,1,1,17,22,22
1,29,4,1,200,15,22,23
1,55,1,2,1,20,25,35
2,37,4,1,5,12,22,23
1,31,1,1,13,15,22,23
2,27,1,1,41,20,28,38
1,56,1,3,2,11,22,20
1,22,1,1,6,11,22,27
2,31,1,1,19,15,22,25
1,57,1,1,424,15,22,38
2,39,4,2,28,11,27,17
1,36,1,1,40,18,22,31
1,41,6,1,18,20,22,27
1,33,1,2,6,15,22,29
2,48,1,1,20,15,22,23
2,56,4,2,5,8,22,6
2,49,1,1,22,16,25,30
2,48,1,1,1,15,28,26
2,27,6,1,34,16,22,24
2,37,4,1,6,16,25,22
2,26,1,1,29,19,27,27
1,17,6,1,200,4,22,9
1,20,6,1,6,15,22,26
2,35,6,1,6,19,22,24
2,35,1,2,1,15,22,31
1,30,6,1,6,19,22,41
2,24,1,1,37,13,22,11
1,30,4,1,33,15,22,32
1,50,1,1,6,16,13,24
2,73,1,2,29,19,25,37
2,35,4,1,19,15,22,20
1,29,1,2,1,15,22,20
2,27,6,1,36,20,22,35
1,20,6,1,1,13,22,25
1,57,1,1,5,13,13,14
1,50,1,3,2,6,22,24
1,22,1,1,1,15,22,24
1,19,6,5,6,15,22,35
2,32,4,1,6,20,13,26
2,29,1,1,6,16,13,35
2,48,1,2,1,15,28,16
1,29,1,1,18,15,25,11
1,44,4,1,31,15,22,27
1,21,6,1,49,15,27,20
2,20,4,1,51,15,22,18
2,28,6,1,6,17,27,24
2,49,1,1,5,15,22,26
2,59,1,1,24,15,22,22
2,36,1,1,18,13,22,25
1,31,1,2,1,15,22,20
1,22,1,1,1,14,22,24
1,62,1,1,40,12,22,24
2,24,6,3,2,13,22,22
2,16,2,1,5,13,22,22
2,17,6,1,12,14,22,18
2,27,1,1,6,15,22,13
1,45,1,1,6,19,22,48
1,16,6,1,6,13,28,14
2,21,6,1,4,15,22,18
2,36,1,1,33,19,22,41
1,71,1,1,48,17,22,25
1,43,1,1,5,19,28,35
2,29,6,1,48,15,28,14
1,32,1,1,8,13,13,41
1,48,1,1,6,15,22,24
2,48,1,1,36,17,13,41
1,29,1,1,200,16,22,9
1,59,1,1,27,15,22,37
2,31,1,1,6,19,25,49
2,40,1,2,42,10,22,22
1,50,1,2,5,11,22,23
2,18,6,1,6,13,22,18
1,35,1,1,48,17,28,29
2,55,1,1,6,15,22,26
2,31,1,1,1,12,22,22
1,52,3,2,48,14,25,20
2,46,1,1,36,17,22,19
2,45,1,1,6,15,22,38
2,21,6,1,6,18,22,37
2,34,1,1,6,19,28,26
1,65,1,1,48,15,22,26
1,30,4,1,4,15,25,20
1,37,1,1,1,19,22,41
1,80,1,1,31,17,22,38
2,49,4,1,31,17,14,31
1,54,1,1,410,12,22,43
1,35,6,1,48,15,22,38
1,32,6,1,6,17,22,20
1,65,1,1,1,7,22,41
1,34,5,1,6,18,25,11
1,24,4,1,34,15,22,20
1,30,1,2,1,12,22,23
2,19,6,1,1,16,22,23
2,54,1,1,210,19,13,22
1,48,1,1,6,19,28,26
1,53,1,1,27,11,22,27
1,42,1,1,8,17,22,41
1,73,1,1,17,19,13,41
1,24,1,1,6,15,13,20
2,29,1,1,42,15,28,22
1,35,4,1,1,14,27,23
2,19,6,1,6,15,22,22
2,29,1,1,6,20,28,26
2,19,6,1,6,15,22,18
1,23,1,2,1,12,22,26
2,41,1,1,6,13,22,11
2,28,1,7,6,15,22,23
1,20,1,1,6,16,22,41
2,28,1,1,36,19,22,25
1,24,6,1,12,18,22,23
1,25,1,2,5,17,13,24
2,61,1,1,5,11,28,16
2,24,1,1,1,15,22,21
1,28,1,1,26,17,22,18
2,18,6,1,6,14,22,24
1,24,6,1,16,16,22,26
1,36,1,1,200,11,22,23
1,57,1,1,6,11,28,18
1,30,1,1,6,19,27,24
2,19,6,1,6,15,28,22
1,20,6,1,1,15,22,25
1,21,6,4,6,15,22,18
1,18,6,2,1,14,22,20
2,30,6,1,20,18,22,41
1,31,1,2,5,15,25,22
1,35,1,1,4,15,22,33
2,29,3,1,42,17,22,22
2,18,6,1,48,14,22,18
1,26,1,1,6,19,22,41
1,38,1,1,5,19,22,24
1,52,5,1,40,14,28,29
2,23,1,1,39,14,22,18
1,23,6,1,210,18,22,32
2,66,1,2,160,15,22,6
1,38,1,2,1,12,25,24
1,35,1,1,6,16,22,25
1,17,6,1,200,7,22,32
2,25,1,1,20,15,22,22
2,33,4,1,6,15,22,26
1,29,1,1,6,19,13,41
2,17,6,1,28,14,22,20
1,35,1,1,6,19,27,23
1,26,1,1,1,15,22,34
2,18,6,1,1,14,22,18
2,26,1,1,1,15,28,17
2,37,1,1,200,9,22,23
2,26,1,1,42,18,25,24
1,60,6,1,48,19,28,24
1,28,1,1,200,20,27,27
2,30,4,1,6,16,22,35
2,24,1,1,53,19,28,26
1,65,1,2,1,9,22,20
1,50,1,1,32,15,22,37
1,21,6,1,13,17,22,24
2,59,4,1,54,12,22,36
1,26,1,1,26,15,22,18
2,35,1,1,39,18,28,19
2,57,6,1,1,19,27,27
2,35,1,1,1,19,22,6
1,72,1,1,6,13,13,14
1,21,1,1,39,14,22,23
1,67,1,1,5,9,22,25
1,61,2,1,4,17,22,25
1,31,4,2,25,15,22,20
1,64,1,1,40,14,22,27
2,43,1,1,1,15,22,24
1,21,6,1,1,17,22,20
2,27,1,1,33,15,22,23
2,26,4,2,1,15,22,23
1,55,1,1,6,17,22,46
1,18,6,1,1,12,22,22
1,25,1,1,46,15,22,23
2,28,1,1,6,16,13,14
2,18,6,1,6,14,22,24
2,32,4,1,6,16,28,13
1,31,6,1,45,19,13,27
2,42,1,1,6,19,28,41
2,62,4,1,6,13,22,14
1,28,1,1,6,19,22,41
2,48,1,1,1,15,25,25
2,40,6,1,48,13,28,14
1,48,1,1,6,17,13,27
2,31,1,1,6,19,22,26
1,29,1,1,6,15,14,37
1,39,1,1,22,15,22,41
1,40,1,1,1,15,22,31
1,47,1,1,35,17,13,14
2,41,1,2,51,15,25,18
2,63,1,1,9,11,22,11
1,44,3,1,47,15,22,25
1,65,1,1,29,10,13,33
2,36,6,1,30,17,22,37
1,33,1,2,48,18,22,34